1000 4
2000 4
3000 4
4000 5
5000 8
6000 5
7000 5
8000 8
9000 5
10000 4
11000 5
12000 5
13000 7
14000 4
15000 5
16000 4
17000 6
18000 5
19000 5
20000 4
21000 4
22000 5
23000 4
24000 7
25000 5
26000 6
27000 5
28000 5
29000 4
30000 5
31000 4
32000 4
33000 4
34000 4
35000 8
36000 8
37000 6
38000 4
39000 6
40000 5
41000 5
42000 5
43000 4
44000 4
45000 5
46000 4
47000 5
48000 4
49000 5
50000 5
51000 6
52000 4
53000 6
54000 4
55000 5
56000 5
57000 5
58000 5
59000 4
60000 5
61000 5
62000 5
63000 5
64000 4
65000 5
66000 5
67000 5
68000 6
69000 5
70000 5
71000 4
72000 5
73000 5
74000 4
75000 4
76000 4
77000 4
78000 5
79000 5
80000 5
81000 5
82000 5
83000 5
84000 9
85000 9
86000 6
87000 4
88000 5
89000 6
90000 5
91000 4
92000 5
93000 5
94000 4
95000 5
96000 5
97000 6
98000 5
99000 5
100000 5
101000 5
102000 5
103000 5
104000 5
105000 6
106000 4
107000 4
108000 6
109000 5
110000 5
111000 5
112000 5
113000 5
114000 7
115000 5
116000 5
117000 5
118000 5
119000 6
120000 6
121000 5
122000 5
123000 4
124000 5
125000 4
126000 4
127000 4
128000 5
129000 5
130000 5
131000 5
132000 6
133000 6
134000 5
135000 5
136000 5
137000 5
138000 5
139000 5
140000 6
141000 5
142000 5
143000 6
144000 6
145000 6
146000 5
147000 5
148000 6
149000 5
150000 6
151000 5
152000 5
153000 6
154000 5
155000 5
156000 4
157000 6
158000 5
159000 5
160000 6
161000 5
162000 6
163000 5
164000 6
165000 8
166000 7
167000 6
168000 5
169000 5
170000 6
171000 5
172000 5
173000 5
174000 5
175000 6
176000 9
177000 5
178000 6
179000 6
180000 6
181000 5
182000 7
183000 5
184000 5
185000 6
186000 6
187000 5
188000 6
189000 5
190000 5
191000 7
192000 5
193000 7
194000 5
195000 5
196000 5
197000 4
198000 5
199000 5
200000 5
201000 5
202000 5
203000 6
204000 5
205000 6
206000 5
207000 6
208000 6
209000 5
210000 5
211000 5
212000 5
213000 5
214000 5
215000 6
216000 6
217000 5
218000 6
219000 5
220000 5
221000 5
222000 5
223000 5
224000 5
225000 6
226000 6
227000 5
228000 6
229000 6
230000 6
231000 5
232000 5
233000 5
234000 4
235000 5
236000 5
237000 7
238000 4
239000 5
240000 5
241000 6
242000 6
243000 5
244000 6
245000 5
246000 4
247000 6
248000 5
249000 5
250000 6
251000 5
252000 5
253000 5
254000 5
255000 4
256000 6
257000 5
258000 7
259000 6
260000 5
261000 5
262000 5
263000 4
264000 6
265000 7
266000 5
267000 5
268000 5
269000 5
270000 5
271000 5
272000 6
273000 6
274000 5
275000 5
276000 4
277000 6
278000 5
279000 7
280000 6
281000 5
282000 5
283000 4
284000 6
285000 6
286000 6
287000 5
288000 5
289000 5
290000 4
291000 7
292000 5
293000 6
294000 5
295000 5
296000 6
297000 5
298000 5
299000 5
300000 5
301000 5
302000 5
303000 6
304000 5
305000 5
306000 5
307000 5
308000 5
309000 5
310000 5
311000 6
312000 5
313000 5
314000 5
315000 5
316000 6
317000 5
318000 6
319000 5
320000 5
321000 5
322000 5
323000 5
324000 5
325000 6
326000 5
327000 5
328000 6
329000 5
330000 5
331000 7
332000 5
333000 5
334000 5
335000 5
336000 6
337000 5
338000 6
339000 5
340000 5
341000 6
342000 5
343000 6
344000 5
345000 7
346000 5
347000 5
348000 6
349000 5
350000 5
351000 6
352000 6
353000 5
354000 5
355000 5
356000 5
357000 6
358000 5
359000 7
360000 5
361000 5
362000 5
363000 5
364000 5
365000 5
366000 6
367000 6
368000 5
369000 5
370000 6
371000 6
372000 5
373000 5
374000 5
375000 5
376000 5
377000 5
378000 6
379000 5
380000 6
381000 6
382000 6
383000 5
384000 5
385000 7
386000 6
387000 5
388000 5
389000 5
390000 6
391000 5
392000 6
393000 5
394000 6
395000 6
396000 5
397000 5
398000 6
399000 5
400000 6
401000 6
402000 6
403000 5
404000 8
405000 6
406000 5
407000 5
408000 5
409000 5
410000 6
411000 5
412000 5
413000 5
414000 5
415000 5
416000 5
417000 6
418000 9
419000 5
420000 6
421000 6
422000 5
423000 5
424000 5
425000 5
426000 5
427000 5
428000 6
429000 5
430000 6
431000 5
432000 7
433000 6
434000 5
435000 6
436000 5
437000 6
438000 5
439000 7
440000 5
441000 5
442000 6
443000 5
444000 5
445000 6
446000 5
447000 5
448000 6
449000 6
450000 6
451000 6
452000 5
453000 5
454000 6
455000 5
456000 5
457000 5
458000 7
459000 6
460000 5
461000 6
462000 6
463000 6
464000 7
465000 5
466000 5
467000 6
468000 6
469000 6
470000 5
471000 5
472000 7
473000 6
474000 6
475000 5
476000 5
477000 6
478000 5
479000 6
480000 6
481000 6
482000 5
483000 6
484000 6
485000 6
486000 10
487000 6
488000 6
489000 5
490000 6
491000 6
492000 5
493000 6
494000 6
495000 7
496000 6
497000 6
498000 5
499000 6
500000 6
501000 6
502000 7
503000 7
504000 5
505000 7
506000 6
507000 5
508000 6
509000 7
510000 5
511000 6
512000 5
513000 5
514000 6
515000 5
516000 9
517000 7
518000 6
519000 5
520000 6
521000 7
522000 5
523000 7
524000 5
525000 6
526000 6
527000 7
528000 6
529000 6
530000 8
531000 6
532000 6
533000 6
534000 5
535000 8
536000 6
537000 7
538000 6
539000 6
540000 5
541000 6
542000 6
543000 6
544000 7
545000 6
546000 7
547000 6
548000 5
549000 6
550000 6
551000 6
552000 6
553000 7
554000 6
555000 6
556000 6
557000 7
558000 6
559000 6
560000 7
561000 6
562000 6
563000 6
564000 6
565000 7
566000 6
567000 8
568000 5
569000 8
570000 5
571000 6
572000 6
573000 6
574000 6
575000 6
576000 7
577000 6
578000 6
579000 7
580000 6
581000 6
582000 6
583000 6
584000 6
585000 6
586000 6
587000 6
588000 5
589000 5
590000 6
591000 7
592000 6
593000 6
594000 6
595000 5
596000 6
597000 5
598000 5
599000 7
600000 5
601000 7
602000 6
603000 7
604000 6
605000 6
606000 6
607000 6
608000 6
609000 6
610000 6
611000 6
612000 6
613000 7
614000 7
615000 9
616000 6
617000 5
618000 6
619000 6
620000 5
621000 7
622000 7
623000 7
624000 7
625000 6
626000 7
627000 6
628000 6
629000 6
630000 6
631000 8
632000 5
633000 8
634000 6
635000 5
636000 6
637000 6
638000 6
639000 5
640000 6
641000 6
642000 6
643000 6
644000 6
645000 6
646000 6
647000 9
648000 6
649000 6
650000 6
651000 6
652000 6
653000 5
654000 7
655000 6
656000 7
657000 6
658000 6
659000 6
660000 6
661000 7
662000 6
663000 8
664000 7
665000 6
666000 7
667000 6
668000 6
669000 6
670000 6
671000 5
672000 7
673000 6
674000 6
675000 6
676000 6
677000 7
678000 5
679000 7
680000 7
681000 7
682000 6
683000 6
684000 6
685000 6
686000 6
687000 7
688000 6
689000 6
690000 8
691000 7
692000 6
693000 6
694000 7
695000 7
696000 6
697000 8
698000 6
699000 7
700000 6
701000 5
702000 6
703000 6
704000 7
705000 6
706000 8
707000 6
708000 7
709000 6
710000 6
711000 6
712000 6
713000 6
714000 6
715000 7
716000 6
717000 5
718000 6
719000 5
720000 6
721000 7
722000 8
723000 6
724000 6
725000 6
726000 6
727000 6
728000 6
729000 7
730000 6
731000 7
732000 6
733000 7
734000 8
735000 6
736000 7
737000 6
738000 6
739000 7
740000 7
741000 7
742000 6
743000 6
744000 6
745000 7
746000 7
747000 6
748000 6
749000 8
750000 7
751000 6
752000 8
753000 7
754000 6
755000 6
756000 7
757000 7
758000 7
759000 6
760000 6
761000 7
762000 6
763000 6
764000 6
765000 8
766000 7
767000 7
768000 6
769000 6
770000 7
771000 7
772000 8
773000 7
774000 9
775000 7
776000 6
777000 7
778000 6
779000 7
780000 7
781000 9
782000 7
783000 9
784000 6
785000 6
786000 6
787000 6
788000 6
789000 6
790000 8
791000 6
792000 8
793000 6
794000 6
795000 6
796000 7
797000 6
798000 6
799000 9
800000 7
801000 9
802000 6
803000 6
804000 6
805000 6
806000 8
807000 7
808000 7
809000 6
810000 6
811000 6
812000 7
813000 7
814000 7
815000 8
816000 7
817000 8
818000 7
819000 7
820000 6
821000 6
822000 8
823000 7
824000 9
825000 7
826000 6
827000 7
828000 7
829000 7
830000 6
831000 7
832000 6
833000 8
834000 6
835000 7
836000 7
837000 7
838000 7
839000 7
840000 7
841000 7
842000 9
843000 6
844000 6
845000 7
846000 6
847000 8
848000 9
849000 14
850000 15
851000 14
852000 15
853000 14
854000 15
855000 15
856000 14
857000 16
858000 15
859000 16
860000 15
861000 14
862000 14
863000 14
864000 14
865000 15
866000 14
867000 15
868000 15
869000 14
870000 14
871000 15
872000 14
873000 14
874000 16
875000 15
876000 14
877000 15
878000 16
879000 6
880000 7
881000 6
882000 6
883000 6
884000 6
885000 7
886000 7
887000 6
888000 7
889000 7
890000 7
891000 6
892000 7
893000 6
894000 7
895000 7
896000 7
897000 7
898000 7
899000 6
900000 6
901000 7
902000 6
903000 7
904000 7
905000 6
906000 7
907000 7
908000 7
909000 6
910000 7
911000 7
912000 6
913000 7
914000 6
915000 8
916000 6
917000 8
918000 7
919000 8
920000 7
921000 8
922000 7
923000 6
924000 7
925000 7
926000 8
927000 8
928000 7
929000 8
930000 8
931000 7
932000 7
933000 7
934000 6
935000 7
936000 6
937000 9
938000 6
939000 6
940000 7
941000 7
942000 7
943000 6
944000 7
945000 6
946000 6
947000 7
948000 9
949000 8
950000 8
951000 6
952000 7
953000 6
954000 7
955000 7
956000 8
957000 8
958000 7
959000 9
960000 6
961000 7
962000 7
963000 7
964000 7
965000 8
966000 7
967000 7
968000 8
969000 7
970000 8
971000 6
972000 6
973000 7
974000 8
975000 8
976000 7
977000 8
978000 7
979000 7
980000 7
981000 7
982000 7
983000 6
984000 7
985000 7
986000 8
987000 6
988000 7
989000 7
990000 7
991000 7
992000 6
993000 7
994000 6
995000 10
996000 7
997000 8
998000 7
999000 7
1000000 7
